W[0]: 6.400000e+01
V[0]: 2.000000e+00
