dv1->get(): 2.000000e+00
dv1->squared(): 4.000000e+00
val1_1st: 4.000000e+00
val1_2nd: 4.000000e+00
Value: 2.000000e+00
